K1=0.9011;
K2=0.91;
fs=12000;
Ts=1/fs;
f0=50;   
td=1/f0;
d=fs*td;

